310
编号 姓名 性别 所在学院编号
10001 龙家锐 1 10010
10002 龚尧莞 0 10011
10003 齐新燕 1 10012
10004 车少飞 0 10013
10005 龙家铸 1 10014
10006 赖鸿华 0 10015
10007 龙宣霖 1 10016
10008 连丽英 0 10017
10009 齐晓巍 1 10018
10010 连俊勤 0 10019
10011 齐明星 1 10020
10012 黄相杰 0 10021
10013 龚小虎 1 10022
10014 连传杰 0 10023
10015 宇文献花 1 10024
10016 龙川凤 0 10025
10017 黄益泉 1 10026
10018 黄益波 0 10027
10019 米培燕 1 10028
10020 连保健 0 10029
10021 齐旺梅 1 10030
10022 连伟杰 0 10031
10023 齐明明 1 10032
10024 龚宁静 0 10033
10025 齐晓庆 1 10034
10026 齐晗希 0 10035
10027 连丽芳 1 10036
10028 龚峰毅 0 10037
10029 龚子鸣 1 10038
10030 连丽花 0 10039
10031 樊振玲 1 10040
10032 龚岩琳 0 10010
10033 龙展航 1 10011
10034 齐晓平 0 10012
10035 符翠红 1 10013
10036 赵馥洁 0 10014
10037 龙山红 1 10015
10038 连丽艳 0 10016
10039 赵骥万 1 10017
10040 黄登盛 0 10018
10041 米国连 1 10019
10042 符胜忠 0 10020
10043 黄相柏 1 10021
10044 龙宝霞 0 10022
10045 米增建 1 10023
10046 龚崇松 0 10024
10047 赵颖辉 1 10025
10048 连佩忠 0 10026
10049 齐敦禹 1 10027
10050 龚家逵 0 10028
10051 连丽萍 1 10029
10052 赵颖轶 0 10030
10053 黄益民 1 10031
10054 齐晓峰 0 10032
10055 齐显影 1 10033
10056 龚崇权 0 10034
10057 樊成钢 1 10035
10058 齐敬磊 0 10036
10059 连保军 1 10037
10060 黄生龙 0 10038
10061 米大丽 1 10039
10062 齐昆明 0 10040
10063 车广义 1 10010
10064 赵飞虹 0 10011
10065 龙层花 1 10012
10066 龚峻梅 0 10013
10067 辛培军 1 10014
10068 龚富贵 0 10015
10069 符育明 1 10016
10070 连书纳 0 10017
10071 赵飞虎 1 10018
10072 车广东 0 10019
10073 龚崇栋 1 10020
10074 齐景娥 0 10021
10075 辛培兵 1 10022
10076 赵骏凯 0 10023
10077 管爱娟 1 10024
10078 赵颐轩 0 10025
10079 车巧怡 1 10026
10080 黄益江 0 10027
10081 黄益汉 1 10028
10082 黄盛洁 0 10029
10083 赖鹏博 1 10030
10084 辛培勇 0 10031
10085 龚宇飞 1 10032
10086 龚子龙 0 10033
10087 齐晓怡 1 10034
10088 车广侠 0 10035
10089 樊振生 1 10036
10090 符翩翩 0 10037
10091 黄皖疆 1 10038
10092 齐景岳 0 10039
10093 黄皖生 1 10040
10094 黎皇兴 0 10010
10095 齐春敏 1 10011
10096 米塞林 0 10012
10097 龙小语 1 10013
10098 赖鹏华 0 10014
10099 黄盛波 1 10015
10100 齐新玉 0 10016
10101 车庆云 1 10017
10102 连书耀 0 10018
10103 黄睿多 1 10019
10104 梅金莉 0 10020
10105 齐星星 1 10021
10106 辛培剐 0 10022
10107 黄真敏 1 10023
10108 符耀精 0 10024
10109 齐智富 1 10025
10110 黄盛润 0 10026
10111 齐春春 1 10027
10112 车广伟 0 10028
10113 辛培刚 1 10029
10114 符腾丹 0 10030
10115 管火金 1 10031
10116 齐斯琴 0 10032
10117 米增强 1 10033
10118 樊扬诗 0 10034
10119 龚巧丽 1 10035
10120 齐明杰 0 10036
10121 齐景宪 1 10037
10122 龚安静 0 10038
10123 黄盛毅 1 10039
10124 辛国爱 0 10040
10125 齐智娟 1 10010
10126 赵顺铃 0 10011
10127 黄益溢 1 10012
10128 梅金荣 0 10013
10129 齐晓彦 1 10014
10130 齐晓彤 0 10015
10131 齐晓影 1 10016
10132 齐晓彬 0 10017
10133 齐明柱 1 10018
10134 赵飞行 0 10019
10135 黄盛沛 1 10020
10136 贾黎黎 0 10021
10137 齐晓强 1 10022
10138 齐明松 0 10023
10139 黄相森 1 10024
10140 龚巧云 0 10025
10141 赵风莉 1 10026
10142 连东英 0 10027
10143 粱俊芳 1 10028
10144 齐春影 0 10029
10145 黄盈椿 1 10030
10146 齐晓姝 0 10031
10147 齐显尼 1 10032
10148 章要在 0 10033
10149 齐新海 1 10034
10150 齐旭明 0 10035
10151 连亚玉 1 10036
10152 赵马元 0 10037
10153 齐晓娇 1 10038
10154 黄盛木 0 10039
10155 龙安隆 1 10040
10156 齐敦益 0 10010
10157 齐晓娜 1 10011
10158 齐晓娟 0 10012
10159 赵风莲 1 10013
10160 龚家贱 0 10014
10161 齐晓威 1 10015
10162 龚小艳 0 10016
10163 米增奇 1 10017
10164 赵顺贵 0 10018
10165 龚小芹 1 10019
10166 齐景国 0 10020
10167 黄真强 1 10021
10168 黄盛杨 0 10022
10169 黄盛权 1 10023
10170 龚小芝 0 10024
10171 赵风英 1 10025
10172 齐晓娣 0 10026
10173 赵顺财 1 10027
10174 齐晓娥 0 10028
10175 龚小花 1 10029
10176 齐智善 0 10030
10177 贾麒麟 1 10031
10178 齐晓娴 0 10032
10179 齐方洲 1 10033
10180 齐春怡 0 10034
10181 赵顺起 1 10035
10182 黄盛林 0 10036
10183 龚家跃 1 10037
10184 赵风茹 0 10038
10185 连丽红 1 10039
10186 齐显峰 0 10040
10187 黄盛松 1 10010
10188 龚小英 0 10011
10189 黄睿刚 1 10012
10190 赖鹏举 0 10013
10191 桑风月 1 10014
10192 龚孝雄 0 10015
10193 赵骆伟 1 10016
10194 边华涛 0 10017
10195 赵首永 1 10018
10196 黄百煜 0 10019
10197 米国超 1 10020
10198 樊振清 0 10021
10199 黄盛昌 1 10022
10200 边友康 0 10023
10201 窦连波 1 10024
10202 辛国江 0 10025
10203 龚子顺 1 10026
10204 黄白燕 0 10027
10205 龚子飞 1 10028
10206 赵风萍 0 10029
10207 连亚琴 1 10030
10208 龚峰景 0 10031
10209 齐敬甲 1 10032
10210 窦连水 0 10033
10211 齐晓天 1 10034
10212 边占武 0 10035
10213 窦连池 1 10036
10214 齐新洲 0 10037
10215 窦连江 1 10038
10216 齐景嘉 0 10039
10217 赵飞船 1 10040
10218 连伯才 0 10010
10219 齐文瑞 1 10011
10220 齐新潮 0 10012
10221 齐智国 1 10013
10222 黄睿哲 0 10014
10223 黄瞩信 1 10015
10224 赵顺达 0 10016
10225 赵驻军 1 10017
10226 龙巧仙 0 10018
10227 龚尚英 1 10019
10228 赵风蕾 0 10020
10229 辛在柱 1 10021
10230 赵驰北 0 10022
10231 车小霞 1 10023
10232 黄皓燕 0 10024
10233 龙安顺 1 10025
10234 辛国海 0 10026
10235 童裕孙 1 10027
10236 黄相方 0 10028
10237 赵香汝 1 10029
10238 黎琼锋 0 10030
10239 龙宇飞 1 10031
10240 赵飞英 0 10032
10241 连会新 1 10033
10242 黄盛楠 0 10034
10243 辛培乐 1 10035
10244 齐文生 0 10036
10245 齐改红 1 10037
10246 黄相明 0 10038
10247 赵风蕊 1 10039
10248 龚家达 0 10040
10249 管爱国 1 10010
10250 黄瞻云 0 10011
10251 赵顺轩 1 10012
10252 齐晓岚 0 10013
10253 边博洋 1 10014
10254 龚家迎 0 10015
10255 边厚敏 1 10016
10256 米士刚 0 10017
10257 连会有 1 10018
10258 梅金红 0 10019
10259 龚少英 1 10020
10260 赵颖贤 0 10021
10261 辛国清 1 10022
10262 连伟智 0 10023
10263 齐文玉 1 10024
10264 路誉盛 0 10025
10265 赵顺邦 1 10026
10266 黄百猛 0 10027
10267 齐景坤 1 10028
10268 黄皓炜 0 10029
10269 齐暑华 1 10030
10270 黄登玲 0 10031
10271 齐文玲 1 10032
10272 龙子鹏 0 10033
10273 黄睿君 1 10034
10274 龚小荣 0 10035
10275 边叶宏 1 10036
10276 桑青青 0 10037
10277 赵飞蓉 1 10038
10278 赵颖超 0 10039
10279 黄白玲 1 10040
10280 龚小莲 0 10010
10281 黄界颍 1 10011
10282 齐晓字 0 10012
10283 齐春惠 1 10013
10284 齐晓宁 0 10014
10285 龚尚芝 1 10015
10286 粱俊薇 0 10016
10287 连俊兰 1 10017
10288 黄生鹏 0 10018
10289 车少静 1 10019
10290 龚峻松 0 10020
10291 龚小萍 1 10021
10292 龚少菁 0 10022
10293 齐晓宇 1 10023
10294 齐晓安 0 10024
10295 龙巧云 1 10025
10296 连东红 0 10026
10297 龚宇辉 1 10027
10298 连传强 0 10028
10299 黄田青 1 10029
10300 赵顺西 0 10030
10301 黄益新 1 10031
10302 龙小花 0 10032
10303 连仙枝 1 10033
10304 龙小芳 0 10034
10305 齐春对 1 10035
10306 黄益斌 0 10036
10307 龚少红 1 10037
10308 黄相怀 0 10038
10309 黄皖毅 1 10039
10310 齐智军 0 10040
